3
20
37
56
74
91
109
127
145
163
181
199
217
235
252
269
286
303
321
338
355
372
389
406
423
440
457
474
491
508
525
542
559
576
593
610
627
644
661
679
697
716
733
750
767
785
802
819
836
853
870
887
904
921
938
955
972
989
1006
1023
1040
1057
1074
1091
1108
1125
1142
1159
1176
1193
1210
1227
1244
1261
1278
1295
1312
1329
1346
1363
1380
1397
1414
1431
1448
1465
1482
1499
1516
1533
1550
1567
1584
1602
1619
1637
1656
1673
1690
1707
1724
1741
1758
1775
1792
1809
1826
1843
1860
1877
1894
1911
1928
1945
1962
1979
1996
2013
2030
2047
2064
2081
2098
2115
2132
2149
2166
2183
2200
2217
2234
2251
2268
2285
2303
2321
2339
2356
2373
2390
2407
2424
2443
2462
2479
2496
2513
2530
2547
2564
2581
2598
2615
2632
2649
2666
2683
2700
2717
2734
2751
2768
2785
2803
2821
2838
2855
2872
2890
2908
2926
2943
2960
2977
2994
3012
3030
3047
3064
3083
3102
3119
3136
