2
19
39
59
79
98
118
135
152
172
190
209
228
247
266
285
305
323
342
361
380
399
418
437
456
476
495
515
534
553
572
591
611
630
650
669
688
707
726
745
764
784
803
823
843
861
880
900
919
938
957
976
996
1015
1034
1053
1072
1091
1111
1130
1149
1168
1188
1205
1222
1239
1256
1273
1291
1308
1325
1343
1361
1379
1400
1421
1442
1463
1484
1504
1524
1545
1565
1584
1604
1622
1640
1659
1677
1696
1714
1732
1750
1768
1787
1805
1824
1843
1862
1880
1899
1917
1935
1954
1973
1991
2010
2028
2047
2065
2084
2103
2122
2141
2159
2178
2196
2214
2232
2249
2266
2284
2301
2318
2336
2355
2373
2391
2410
2428
2446
2464
2482
2499
2517
2535
2553
2571
2589
2607
2625
2643
2661
2679
2697
2715
2733
2751
2769
2786
2804
2822
2839
2857
2875
2893
2911
2929
2946
2964
2982
3000
3017
3035
3053
3070
3088
3106
3124
3142
3160
3178
3196
3213
3231
3249
3267
3285
3303
3321
3339
3357
3375
3393
3411
3429
3447
3465
3483
3501
3519
3537
3555
3573
3591
3609
3627
3645
3663
3681
3699
3717
3735
3753
3771
3789
3807
3825
3843
3861
3879
3897
3915
3933
3951
3969
3986
4003
4021
4039
4056
4074
4091
4108
4125
4142
4160
4177
4194
4212
4229
4247
4265
4282
4299
4317
4336
4356
4374
4392
4410
4428
4445
4462
4479
4496
4513
4532
4551
4570
4589
4607
4626
4645
4663
4682
4701
4720
4738
4757
4776
4794
4812
4829
4847
4865
4883
4901
4919
4937
4955
4973
4991
5009
5027
5045
5063
5081
5099
5117
5135
5153
5171
5189
5207
5224
5242
5260
5278
5296
5314
5332
5349
5367
5385
5402
5420
5437
5456
5475
5495
5514
5534
5553
5571
5589
5609
5629
5647
5665
5685
5703
5723
5741
5761
5779
5797
5815
5835
5853
5871
5889
5907
5926
5945
5964
5983
6002
6022
6041
6060
6077
6094
6111
6128
6145
6162
6179
6196
6213
6230
6247
6264
6281
6298
6318
6337
6356
6375
6395
6415
6434
6454
6474
6493
6513
6532
6552
6572
6592
6612
6632
6651
6671
6691
6711
6731
6751
6771
6791
6810
6830
6850
6869
6889
6909
6928
6948
6968
6987
7007
7024
7044
7061
7079
7096
7114
7131
7149
7167
7184
7203
7222
7243
7263
7281
7301
7320
7341
7361
7381
7400
7419
7439
7460
7480
7499
7519
7538
7558
7578
7597
7617
7637
7658
7677
7697
7718
7738
7758
7777
7798
7818
7838
7858
7878
7897
7916
7935
7954
7973
7992
8012
8032
8050
8069
8088
8107
8127
8145
8163
8183
8201
8220
8238
8257
8276
8295
8315
8334
8353
8371
8389
8408
8426
8445
8465
8484
8503
8522
8540
8560
8578
8596
8616
8635
8653
8672
8691
8711
8731
8751
8771
8791
8811
8831
8851
8871
8892
8913
8932
8953
8973
8993
9012
9031
9050
9069
9088
9107
9125
9144
9163
9183
9204
9223
9242
9261
9281
9302
9321
9340
9360
9380
9400
9420
9441
9461
9481
9502
9521
9541
9562
9583
9602
9622
9643
9663
9682
9700
9719
9738
9756
9774
9793
9811
9830
9848
9865
9883
9902
9921
9940
9957
9975
9993
10010
10028
10046
10064
10082
10100
10117
10134
10152
10170
10188
10206
10224
10242
10259
10277
10295
10312
10330
10348
10366
10384
10403
10422
10439
10456
10474
10491
10508
10525
10544
10564
10584
10604
10623
10643
10662
10682
10702
10722
10742
10762
10782
10801
10821
10841
10861
10881
10901
10920
10940
10960
10980
11000
11019
11039
11059
11079
11097
11115
11133
11151
11168
11185
11202
11219
11236
11253
11270
11288
11305
11322
11339
11356
11374
11391
11408
11425
11443
11460
11477
11494
11511
11528
11545
11563
11581
11598
11615
11633
11650
11667
11684
11701
11718
11736
11753
11770
11787
11804
11821
11838
11855
11872
11889
11906
11923
11940
11957
11974
11991
12008
12025
12042
12059
12076
12093
12111
12128
12145
12162
12179
12196
12213
12230
12247
12264
12282
12299
12316
12334
12351
12368
12385
12402
12419
12436
12453
12470
12487
12504
12522
12540
12558
12576
12594
12612
12630
12647
12665
12682
12699
12716
12734
12752
12770
12787
12805
12824
12842
12860
12877
12895
12913
12931
12949
12967
12985
13003
13020
13038
13056
13074
13091
13111
13129
13147
13165
13182
13200
13218
13236
13254
13272
13289
13306
13324
13342
13360
13378
13396
13414
13432
13450
13468
13486
13504
13522
13540
13558
13576
13594
13612
13630
13649
13667
13685
13703
13721
13740
13757
13774
13792
13810
13827
13844
13861
13878
13896
13913
13930
13947
13966
13983
14000
14017
14035
14053
14071
14089
14107
14125
14143
14161
14179
14197
14215
14233
14250
14268
14285
14302
14320
14337
14355
14373
14390
14409
14427
14444
14462
14480
14498
14515
14533
14551
14569
14587
14605
14622
14641
14659
14677
14696
14714
14731
14749
14767
14785
14803
14821
14839
14857
14875
14892
14909
14927
14944
14963
14980
14997
15015
15032
15049
15067
15084
15101
15119
15136
15154
15171
15189
15206
15224
15241
15260
15277
15295
15312
15329
15346
15365
15383
15401
15419
15437
15454
15473
15491
15508
15526
15544
15561
15580
15598
15615
15632
15651
15670
15688
15705
15722
15740
15758
15777
15796
15814
15832
15849
15867
15885
15902
15920
15938
15956
15973
15990
16008
16026
16045
16064
16081
16099
16117
16136
16155
16173
16191
16209
16228
16245
16263
16281
16299
16317
16335
16353
16371
16390
16408
16426
16443
16461
16479
16497
16514
16532
16550
16568
16586
16605
16622
16640
16657
16675
16692
16709
16727
16744
16762
16779
16797
16815
16832
16850
16868
16886
16903
16921
16938
16957
16974
16992
17010
17028
17046
17064
17082
17100
17117
17135
17152
17170
17188
17206
17224
17242
17260
17278
17296
17314
17332
17350
17368
17386
17404
17422
17440
17458
17476
17494
17512
17530
17548
17566
17584
17602
17620
17638
17656
17674
17692
17710
17728
17746
17764
17782
17800
17818
17836
17854
17872
17890
17908
17926
17944
17962
17980
17998
18016
18034
18052
18070
18088
18105
18123
18141
18158
18176
18194
18212
18230
18248
18266
18284
18302
18320
18338
18356
18374
18392
18410
18428
18446
18464
18482
18500
18518
18536
18554
18572
18590
18609
18627
18645
18664
18681
18699
18717
18736
18754
18773
18792
18810
18828
18846
18863
18880
18899
18918
18936
18954
18972
18991
19009
19027
19046
19065
19084
19102
19121
19140
19158
19176
19195
19214
19232
19250
19267
19285
19303
19321
19339
19357
19375
19393
19411
19429
19447
19465
19483
19501
19519
19537
19555
19573
19591
19609
19627
19646
19665
19684
19702
19720
19738
19756
19774
19792
19810
19829
19848
19866
19884
19902
19919
19938
19958
19977
19996
20015
20035
20054
20074
20092
20110
20130
20150
20170
20189
20208
20227
20245
20265
20284
20305
20324
20342
20362
20381
20400
20419
20438
20456
20475
20493
20513
20533
20551
20570
20589
20608
20628
20648
20667
20686
20705
20724
20743
20763
20784
20803
20822
20841
20861
20880
20899
20917
20937
20956
20975
20994
21013
21032
21051
21070
21090
21110
21130
21150
21169
21189
21208
21226
21245
21265
21284
21304
21324
21343
21362
21381
21400
21418
21436
21454
21472
21491
21510
21529
21547
21566
21585
21604
21623
21643
21663
21682
21702
21720
21739
21757
21777
21795
21814
21833
21852
21871
21889
21907
21927
21947
21966
21984
22004
22023
22041
22059
22078
22097
22116
22134
22153
22171
22189
22207
22226
22244
22263
22282
22301
22320
22341
22360
22378
22397
22417
22435
22454
22473
22492
22513
22532
22551
22569
22589
22609
22629
22649
22668
22689
22708
22728
22748
22769
22790
22808
22825
22843
22862
22880
22897
22914
22931
22948
22965
22982
23000
23018
23035
23053
23071
23088
23105
23124
23142
23159
23176
23193
23210
23227
23244
23261
23278
23295
23312
23329
23346
23364
23381
23398
23415
23432
23449
23466
23483
23501
23518
23536
23554
23571
23588
23605
23622
23640
23657
23674
23691
23708
23726
23744
23762
23780
23798
23816
23834
23852
23870
23888
23906
23924
23941
23959
23977
23994
24012
24030
24048
24066
24084
24102
24121
24139
24157
24175
24192
24210
24227
24246
24263
24280
24297
24315
24332
24349
24368
24386
24404
24422
24440
24458
24476
24495
24513
24531
24548
24566
24584
24603
24622
24639
24658
24675
24692
24710
24727
24744
24762
24779
24798
24817
24835
24853
24870
24888
24906
24924
24941
24958
24975
24992
25010
25028
25046
25064
25082
25100
25118
25136
25154
25173
25191
25209
25227
25245
25264
25282
25300
25318
25337
25356
25375
25394
25411
25430
25448
25466
25483
25502
25520
25539
25557
25574
25593
25612
25630
25648
25666
25683
25701
25719
25736
25754
25771
25789
25807
25824
25843
25861
25879
25897
25915
25934
25952
25970
25988
26006
26024
26042
26060
26079
26097
26115
26134
26152
26170
26189
26207
26225
26243
26260
26280
26301
26321
26341
26361
26381
26401
26421
26442
26462
26482
26502
26522
26542
26562
26582
26602
26622
26642
26663
26683
26702
26721
26741
26761
26781
26802
26824
26844
26864
26884
26904
26924
26944
26964
26986
27006
27026
27046
27066
27086
27106
27126
27146
27166
27186
27206
27226
27246
27266
27286
27306
27326
27346
27366
27387
27407
27427
27447
27467
27486
27506
27526
27546
27566
27586
27606
27625
27645
27665
27685
27705
27725
27745
27765
27785
27805
27826
27846
27866
27886
27906
27926
27946
27966
27986
28006
28026
28046
28067
28087
28107
28128
28148
28168
28188
28208
28228
28248
28268
28288
28306
28324
28342
28360
28378
28396
28414
28431
28449
28467
28484
28502
28520
28537
28554
28572
28590
28608
28626
28643
28661
28679
28697
28716
28733
28751
28769
28787
28805
28823
28841
28858
28876
28893
28910
28927
28944
28961
28978
28995
29012
29029
29046
29063
29080
29097
29114
29131
29148
29165
29182
29202
29221
29238
29255
29272
29289
29307
29324
29341
29358
29375
29392
29409
29426
29443
29460
29477
29494
29511
29528
29546
29564
29582
29599
29616
29633
29650
29667
29684
29701
29718
29735
29752
29770
29788
29805
29822
29839
29856
29874
29891
29908
29925
29942
29959
29976
29994
30011
30028
30045
30062
30079
30098
30116
30134
30152
30170
30188
30206
30224
30242
30260
30278
30296
30315
30333
30352
30369
30387
30405
30422
30440
30457
30474
30491
30508
30525
30542
30559
30576
30593
30610
30627
30645
30663
30681
30698
30715
30732
30749
30766
30783
30804
30825
30845
30866
30887
30908
30929
30950
30971
30992
31013
31034
31055
31076
31097
31114
31131
31148
31166
31184
31201
31219
31237
31255
31273
31291
31309
31327
31344
31361
31379
31397
31415
31432
31450
31467
31485
31503
31521
31539
31556
31574
31591
31608
31626
31644
31662
31680
31698
31715
31732
31749
31767
31785
31803
31820
31837
31855
31873
31891
31909
31926
31943
31960
31977
31995
32013
32030
32048
32066
32084
32101
32121
32139
32157
32175
32193
32210
32228
32246
32264
32282
32300
32318
32336
32354
32372
32390
32408
32426
32444
32462
32480
32498
32516
32534
32552
32570
32588
32606
32624
32641
32658
32675
32692
32709
32726
32743
32761
32779
32796
32813
32830
32847
32864
32882
32901
32918
32936
32953
32970
32987
33004
33023
33042
33060
33079
33097
33115
33134
33153
33171
33188
33205
33222
33239
33257
33275
33293
33311
33329
33347
33365
33383
33401
33419
33437
33454
33472
33490
33508
33525
33542
33559
33576
33594
33611
33628
33645
33662
33679
33696
33714
33732
33751
33769
33787
33805
33822
33840
33857
33875
33892
33909
33927
33945
33963
33981
34000
34018
34037
34055
34073
34091
34109
34127
34145
34163
34180
34197
34214
34231
34249
34266
34283
34301
34318
34335
34353
34371
34389
34407
34424
34441
34458
34476
34494
34512
34530
34548
34566
34585
34604
34622
34641
34660
34678
34697
34714
34733
34751
34769
34787
34806
34824
34843
34861
34879
34897
34915
34933
34951
34970
34989
35008
35027
35045
35062
35080
35098
35116
35134
35152
35169
35187
35205
35223
35241
35259
35277
35295
35314
35332
35350
35368
35386
35404
35423
35440
35457
35477
35497
35516
35534
35553
35573
35592
35610
35628
35646
35666
35684
35701
35719
35739
35757
35776
35796
35817
35834
35853
35870
35888
35906
35925
35943
35962
35979
35997
36015
36033
36051
36069
36087
36107
36127
36145
36165
36185
36205
36223
36243
36263
36282
36303
36322
36341
36359
36377
36395
36414
36432
36450
36467
36484
36502
36520
36539
36557
36574
36592
36610
36629
36647
36665
36684
36701
36719
36738
36756
36775
36793
36811
36830
36849
36867
36885
36903
36922
36940
36958
36976
36995
37013
37031
37050
37069
37087
37106
37125
37142
37161
37180
37199
37217
37235
37252
37271
37289
37306
37324
37343
37362
37381
37400
37419
37436
37454
37473
37492
37509
37528
37545
37563
37581
37600
37619
37638
37656
37675
37693
37712
37731
37749
37768
37786
37804
37822
37841
37860
37879
37897
37916
37934
37952
37970
37990
38009
38028
38046
38065
38084
38102
38121
38139
38158
38176
38195
38213
38231
38249
38268
38287
38306
38325
38343
38361
38379
38397
38416
38435
38454
38473
38491
38510
38529
38548
38567
38586
38605
38624
38643
38662
38682
38701
38719
38738
38757
38776
38794
38812
38830
38848
38866
38885
38904
38923
38943
38962
38981
38999
39018
39038
39057
39076
39095
39114
39132
39151
39171
39189
39208
39226
39244
39263
39281
39300
39319
39338
39357
39376
39395
39414
39433
39452
39471
39490
39507
39525
39543
39560
39577
39595
39613
39630
39648
39666
39684
39702
39720
39739
39756
39774
39791
39808
39825
39842
39860
39878
39896
39915
39932
39950
39968
39985
40002
40020
40037
40054
40071
40089
40106
40123
40140
40158
40175
40192
40209
40226
40243
40260
40277
40294
40313
40330
40347
40365
40382
40400
40417
40435
40452
40470
40487
40505
40523
40540
40558
40575
40592
40609
40626
40644
40662
40679
40697
40715
40732
40750
40769
40787
40805
40823
40841
40859
40877
40895
40913
40932
40951
40969
40987
41005
41023
41040
41058
41076
41094
41111
41128
41145
41162
41179
41198
41217
41236
41255
41274
41293
41311
41330
41349
41366
41383
41400
41417
41434
41451
41468
41485
41502
41519
41536
41556
41576
41595
41614
41634
41654
41674
41693
41712
41732
41752
41771
41791
41810
41829
41849
41869
41889
41909
41929
41949
41969
41989
42009
42029
42048
42067
42086
42105
42124
42143
42161
42178
42196
42215
42233
42252
42270
42287
42306
42325
42342
42360
42379
42398
42416
42435
42454
42472
42491
42510
42528
42546
42565
42583
42602
42621
42639
42658
42677
42696
42715
42734
42753
42772
42791
42810
42829
42848
42867
42886
42905
42924
42943
42961
42979
42998
43017
43036
43055
43074
43092
43111
43130
43148
43167
43186
43205
43224
43242
43261
43280
43299
43318
43336
43355
43374
43392
43410
43429
43448
43467
43486
43504
43522
43541
43560
43579
43597
43616
43633
43651
43670
43688
43707
43726
43745
43763
43783
43801
43821
43840
43857
43876
43894
43912
43930
43948
43966
43985
44004
44022
44040
44059
44078
44096
44115
44133
44151
44169
44188
44207
44226
44244
44262
44280
44297
44314
44331
44349
44367
44385
44402
44420
44437
44454
