2
20
38
55
72
89
107
125
144
164
184
203
220
237
254
271
289
306
324
341
358
375
392
409
427
445
462
481
498
515
532
549
566
583
600
617
635
652
670
687
704
722
740
759
776
794
812
830
848
867
885
903
920
937
954
973
990
1007
1024
1042
1060
1078
1098
1115
1132
1149
1167
1184
1201
1218
1235
1252
1269
1286
1304
1323
1341
1359
1377
1394
1412
1431
1448
1466
1484
1501
1519
1537
1555
1572
1589
1607
1624
1641
1658
1675
1692
1709
1726
1743
1760
1777
1794
1811
1828
1845
1862
1879
1896
1913
1931
1948
1965
1982
1999
2016
2034
2051
2069
2087
2104
2121
2139
2156
2174
2192
2210
2227
2244
2261
2278
2295
2312
2331
2348
2365
2382
2400
2417
2435
2452
2469
2487
2506
2524
2543
2561
2579
2598
2615
2632
2649
2668
2687
2704
2721
2739
2756
2773
2791
2808
2826
2845
2862
2880
2898
2916
2934
2952
2970
2987
3004
3022
3040
3057
3075
3092
3109
3126
3143
3160
3177
3194
3211
3228
3245
3262
3279
3296
3313
3331
3348
3365
3382
3399
3416
3433
3450
3467
3484
3501
3519
3536
3553
3570
3588
3606
3624
3643
3663
3682
3701
3720
3738
3759
3778
3795
3813
3831
3849
3867
3885
3902
3920
3937
3954
3971
3988
4005
4022
4039
4056
4073
4090
4107
4124
4143
4160
4177
4194
4212
4229
4246
4264
4282
4299
4316
4333
4350
4368
4385
4403
4420
4437
4454
4471
4488
4506
4523
4541
4559
4577
4594
4611
4628
4645
4662
4679
4696
4713
4730
4748
4766
4783
4800
4818
4835
4852
4869
4886
4903
4920
4938
4955
4972
4989
5007
5024
5041
5058
5077
5094
5112
5129
5146
5163
5180
5197
5214
5232
5249
5266
5283
5300
5317
5334
5352
5369
5386
5403
5420
5437
5455
5472
5489
5506
5523
5540
5557
5575
5592
5609
5626
5643
5660
5677
5695
5713
5730
5747
5765
5783
5800
5817
5834
5852
5869
5886
5903
5921
5939
5956
5973
5991
6010
6028
6047
6064
6081
6098
6115
6132
6149
6166
6183
6200
6220
6237
6254
6271
6288
6305
6322
6339
6356
6373
6390
6407
6424
6441
6459
6477
6495
6512
6529
6547
6564
6581
6598
6616
6633
6651
6669
6686
6704
6721
6738
6755
6772
6789
6807
6825
6842
6859
6877
6895
6913
6930
6947
6964
6981
6998
7015
7032
7050
7067
7084
7101
7118
7135
7152
7169
7187
7205
7222
7240
7257
7275
7293
7311
7329
7347
7364
7381
7398
7416
7434
7452
7469
7486
7503
7521
7538
7555
7572
7589
7606
7623
7640
7658
7675
7692
7710
7727
7745
7762
7779
7796
7813
7830
7847
7864
7881
7898
7916
7933
7950
7967
7984
8001
8018
8035
8052
8069
8086
8103
8120
8138
8156
8174
8192
8209
8226
8243
8260
8277
8294
8311
8328
8345
8364
8382
8399
8418
8435
8452
8470
8488
8505
8522
8539
8556
8574
8591
8608
8625
8643
8661
8678
8695
8712
8729
8746
8763
8780
8797
8814
8831
8848
8867
8884
8901
8919
8938
8956
8973
8990
9007
9024
9041
9058
9075
9092
9111
9129
9146
9163
9181
9198
9215
9232
9249
9266
9283
9300
9318
9336
9354
9371
9388
9405
9424
9441
9458
9475
9493
9511
9528
9545
9562
9579
9596
9613
9630
9647
9665
9682
9700
9717
9734
9751
9769
9787
9804
9821
9838
9856
9873
9892
9909
9926
9943
9960
9977
9995
10014
10033
10050
10067
10084
10102
10120
10137
10154
10171
10188
10206
10223
10240
10257
10275
10292
10309
10326
10343
10360
10377
10394
10414
10433
10453
10471
10489
10506
10523
10540
10558
10576
10594
10612
10630
10647
10665
10682
10699
10716
10733
10750
10767
10784
10802
10819
10836
10853
10870
10887
10904
10921
10939
10956
10974
10991
11008
11025
11043
11061
11079
11096
11113
11130
11147
11165
11183
11200
11217
11234
11252
11269
11287
11304
11322
11339
11356
11374
11392
11409
11426
11445
11463
11481
11499
11516
11533
11550
11567
11584
11602
11619
11636
11653
11670
11687
11704
11721
11738
11755
11772
11789
11806
11823
11840
11857
11874
11891
11908
11925
11942
11959
11976
11994
12011
12028
12045
12062
12079
12097
12115
12132
12149
12167
12184
12202
12219
12236
12254
12271
12288
12306
12323
12340
12357
12375
12392
12409
12429
12446
12463
12481
12499
12517
12535
12553
12571
12588
12605
12622
12639
12656
12674
12691
12709
12726
12743
12760
12777
12794
12812
12829
12846
12863
12880
12897
12914
12931
12948
12965
12983
13000
13017
13034
13051
13068
13085
13102
13119
13136
13153
13170
13187
13204
13222
13239
13256
13273
13290
13307
13324
13342
13360
13378
13397
13415
13435
13453
13471
13489
13507
13525
13542
13559
13576
13593
13610
13627
13644
13661
13679
13696
13714
13733
13752
13770
13788
13807
13825
13843
13861
13880
13899
13919
13937
13954
13972
13989
14006
14023
14041
14059
14077
14094
14111
14128
14145
14162
14179
14197
14215
14233
14251
14268
14286
14303
14321
14339
14356
14374
14391
14408
14425
14442
14459
14476
14493
14510
14527
14544
14561
14578
14595
14612
14629
14646
14663
14680
14697
14714
14731
14749
14767
14784
14801
14819
14836
14853
14870
14887
14904
14922
14939
14956
14973
14990
15007
15024
15041
15058
15076
15093
15110
15127
15144
15161
15178
15195
15212
15229
15246
15263
15280
15297
15315
15333
15350
15367
15384
15401
15419
15437
15455
15473
15491
15508
15525
15542
15559
15576
15593
15610
15627
15644
15661
15678
15695
15712
15730
15748
15765
15782
15799
15816
15833
15850
15867
15884
15901
15919
15937
15954
15972
15989
16006
16023
16041
16061
16079
16096
16113
16130
16147
16165
16182
16200
16218
16235
16252
16272
16289
16306
16323
16340
16359
16376
16393
16410
16428
16445
16462
16479
16496
16514
16532
16549
16567
16585
16602
16619
16636
16655
16672
16689
16708
16726
16744
16762
16780
16797
16814
16831
16848
16867
16887
16904
16922
16940
16958
16976
16994
17012
17029
17046
17063
17081
17100
17118
17135
17152
17170
17188
17206
17224
17241
17259
17276
17293
17310
17327
17344
17361
17378
17396
17414
17432
17449
17466
17483
17501
17519
17538
17555
17572
17589
17606
17623
17642
17660
17679
17696
17713
17730
17748
17766
17783
17801
17818
17836
17854
17871
17889
17907
17924
17941
17958
17975
17992
18009
18026
18043
18060
18078
18096
18113
18130
18147
18164
18183
18201
18219
18236
18253
18270
18287
18304
18321
18338
18355
18373
18391
18408
18426
18444
18461
18479
18496
18513
18530
18547
18564
18582
18600
18617
18634
18652
18669
18687
18704
18721
18738
18755
18772
18789
18806
18825
18842
18859
18877
18894
18911
18928
18946
18963
18981
18998
19015
19033
19050
19067
19084
19101
19118
19137
19154
19171
19188
19205
19222
19239
19256
19273
19290
19307
19324
19341
19358
19375
19392
19410
19428
19445
19462
19480
19497
19514
19531
19548
19565
19582
19599
19616
19633
19651
19668
19685
19702
19719
19736
19753
19770
19788
19805
19822
19840
19857
19874
19891
19908
19925
19943
19961
19978
19997
20014
20031
20048
20065
20084
20103
20120
20137
20154
20171
20189
20206
20223
20240
20257
20275
20294
20312
20331
20351
20370
20389
20409
20428
20445
20462
20479
20496
20513
20530
20547
20565
20583
20600
20618
20635
20652
20669
20686
20704
20721
20739
20757
20774
20792
20810
20827
20844
20861
20878
20895
20912
20930
20948
20965
20982
20999
21016
21035
21055
21072
21089
21107
21126
21143
21160
21177
21194
21211
21228
21245
21263
21280
21298
21316
21334
21352
21370
21387
21404
21421
21438
21455
21472
21489
21506
21525
21542
21559
21576
21594
21611
21628
21645
21662
21680
21697
21714
21731
21748
21765
21782
21799
21816
21833
21850
21867
21886
21905
21923
21942
21961
21979
21996
22013
22031
22049
22066
22083
22100
22118
22136
22154
22172
22189
22206
22223
